./cleaned_model/normal/156/score.txt
matrix:
1189	274	230
199	549	266
112	677	1004
precision_class1:	0.7023036030714708
precision_class2:	0.5414201183431953
precision_class3:	0.5599553820412716
recall_class1:	0.7926666666666666
recall_class2:	0.366
recall_class3:	0.6693333333333333
micro_F1:	0.6093333333333333
macro_F1:	0.6052527049136179
