./pretrained_model/1200/60/score.txt
matrix:
1025	193	140
314	716	372
161	591	988
precision_class1:	0.7547864506627393
precision_class2:	0.5106990014265336
precision_class3:	0.5678160919540229
recall_class1:	0.6833333333333333
recall_class2:	0.47733333333333333
recall_class3:	0.6586666666666666
micro_F1:	0.6064444444444445
macro_F1:	0.6087635768155316
