./pretrained_model/400/90/score.txt
matrix:
1174	261	218
211	599	324
115	640	958
precision_class1:	0.7102238354506957
precision_class2:	0.5282186948853616
precision_class3:	0.5592527729130181
recall_class1:	0.7826666666666666
recall_class2:	0.3993333333333333
recall_class3:	0.6386666666666667
micro_F1:	0.6068888888888889
macro_F1:	0.6030360224988828
