./cleaned_model/large/120/score.txt
matrix:
1169	232	209
246	724	383
85	544	908
precision_class1:	0.7260869565217392
precision_class2:	0.5351071692535108
precision_class3:	0.5907612231620039
recall_class1:	0.7793333333333333
recall_class2:	0.4826666666666667
recall_class3:	0.6053333333333333
micro_F1:	0.6224444444444445
macro_F1:	0.6198708499289873
