./cleaned_model/less/320/score.txt
matrix:
1172	262	249
203	500	232
125	738	1019
precision_class1:	0.6963755199049316
precision_class2:	0.5347593582887701
precision_class3:	0.5414452709883103
recall_class1:	0.7813333333333333
recall_class2:	0.3333333333333333
recall_class3:	0.6793333333333333
micro_F1:	0.598
macro_F1:	0.5944085846235379
