./pretrained_model/400/30/score.txt
matrix:
1207	353	298
225	575	380
68	572	822
precision_class1:	0.6496232508073198
precision_class2:	0.4872881355932203
precision_class3:	0.5622435020519836
recall_class1:	0.8046666666666666
recall_class2:	0.38333333333333336
recall_class3:	0.548
micro_F1:	0.5786666666666667
macro_F1:	0.5724599486075155
