./z_trained_model1/score.txt
matrix:
1101	267	290
271	434	233
128	799	977
precision_class1:	0.6640530759951749
precision_class2:	0.4626865671641791
precision_class3:	0.5131302521008403
recall_class1:	0.734
recall_class2:	0.28933333333333333
recall_class3:	0.6513333333333333
micro_F1:	0.5582222222222222
macro_F1:	0.552361876228818
