./nb_model_32_gpu/score.txt
matrix:
398	207	250
700	802	737
402	491	513
precision_class1:	0.4654970760233918
precision_class2:	0.35819562304600266
precision_class3:	0.36486486486486486
recall_class1:	0.2653333333333333
recall_class2:	0.5346666666666666
recall_class3:	0.342
micro_F1:	0.38066666666666665
macro_F1:	0.38827124719505157
