./cleaned_model/less/280/score.txt
matrix:
1201	291	278
193	487	241
106	722	981
precision_class1:	0.6785310734463277
precision_class2:	0.5287730727470141
precision_class3:	0.5422885572139303
recall_class1:	0.8006666666666666
recall_class2:	0.32466666666666666
recall_class3:	0.654
micro_F1:	0.5931111111111111
macro_F1:	0.5881125654128049
