./albert_tiny/tiny_larger_batch/200/score.txt
matrix:
1015	179	153
317	521	284
168	800	1063
precision_class1:	0.7535263548626577
precision_class2:	0.464349376114082
precision_class3:	0.5233874938453964
recall_class1:	0.6766666666666666
recall_class2:	0.3473333333333333
recall_class3:	0.7086666666666667
micro_F1:	0.5775555555555556
macro_F1:	0.5789847697528575
