./pretrained_model/1600/60/score.txt
matrix:
970	178	117
432	887	520
98	435	863
precision_class1:	0.766798418972332
precision_class2:	0.4823273518216422
precision_class3:	0.6181948424068768
recall_class1:	0.6466666666666666
recall_class2:	0.5913333333333334
recall_class3:	0.5753333333333334
micro_F1:	0.6044444444444445
macro_F1:	0.6133103448688285
