./cleaned_model/less/117/score.txt
matrix:
1204	290	247
188	651	331
108	559	922
precision_class1:	0.691556576680069
precision_class2:	0.5564102564102564
precision_class3:	0.5802391441157961
recall_class1:	0.8026666666666666
recall_class2:	0.434
recall_class3:	0.6146666666666667
micro_F1:	0.6171111111111112
macro_F1:	0.6132323243304275
