./cleaned_data2/less/30/score.txt
matrix:
1027	207	182
233	505	243
240	788	1075
precision_class1:	0.7252824858757062
precision_class2:	0.5147808358817533
precision_class3:	0.5111745126010461
recall_class1:	0.6846666666666666
recall_class2:	0.33666666666666667
recall_class3:	0.7166666666666667
micro_F1:	0.5793333333333334
macro_F1:	0.5815312685470094
