./albert_tiny/tiny_larger_less/80/score.txt
matrix:
1181	282	249
181	569	244
138	649	1007
precision_class1:	0.6898364485981309
precision_class2:	0.5724346076458753
precision_class3:	0.5613154960981048
recall_class1:	0.7873333333333333
recall_class2:	0.37933333333333336
recall_class3:	0.6713333333333333
micro_F1:	0.6126666666666667
macro_F1:	0.6102549692219935
