./albert_base/less_trained/937/score.txt
matrix:
1193	240	220
216	572	294
91	688	986
precision_class1:	0.7217180883242589
precision_class2:	0.5286506469500925
precision_class3:	0.5586402266288952
recall_class1:	0.7953333333333333
recall_class2:	0.38133333333333336
recall_class3:	0.6573333333333333
micro_F1:	0.6113333333333333
macro_F1:	0.6071395872341838
