./pretrained_model/1600/117/score.txt
matrix:
1194	276	201
193	655	324
113	569	975
precision_class1:	0.7145421903052065
precision_class2:	0.5588737201365188
precision_class3:	0.5884127942063971
recall_class1:	0.796
recall_class2:	0.43666666666666665
recall_class3:	0.65
micro_F1:	0.6275555555555555
macro_F1:	0.6240632348195304
