./cleaned_model/normal2/150/score.txt
matrix:
1234	278	231
156	529	241
110	693	1028
precision_class1:	0.7079747561675273
precision_class2:	0.5712742980561555
precision_class3:	0.5614418350628072
recall_class1:	0.8226666666666667
recall_class2:	0.3526666666666667
recall_class3:	0.6853333333333333
micro_F1:	0.6202222222222222
macro_F1:	0.6168749581846199
