./albert_base/1750/score.txt
matrix:
1152	249	283
251	578	342
97	673	875
precision_class1:	0.684085510688836
precision_class2:	0.4935952177625961
precision_class3:	0.5319148936170213
recall_class1:	0.768
recall_class2:	0.38533333333333336
recall_class3:	0.5833333333333334
micro_F1:	0.5788888888888889
macro_F1:	0.5743416067566652
