./albert_base/1000/score.txt
matrix:
1065	181	234
272	533	304
163	786	962
precision_class1:	0.7195945945945946
precision_class2:	0.4806131650135257
precision_class3:	0.5034013605442177
recall_class1:	0.71
recall_class2:	0.35533333333333333
recall_class3:	0.6413333333333333
micro_F1:	0.5688888888888889
macro_F1:	0.5683788409197523
