./cleaned_model/less/100/score.txt
matrix:
1163	251	220
208	659	330
129	590	950
precision_class1:	0.7117503059975521
precision_class2:	0.5505430242272348
precision_class3:	0.5692031156381067
recall_class1:	0.7753333333333333
recall_class2:	0.43933333333333335
recall_class3:	0.6333333333333333
micro_F1:	0.616
macro_F1:	0.61323707048015
