./pretrained_model/800/60/score.txt
matrix:
1066	202	187
306	682	382
128	616	931
precision_class1:	0.7326460481099656
precision_class2:	0.4978102189781022
precision_class3:	0.5558208955223881
recall_class1:	0.7106666666666667
recall_class2:	0.45466666666666666
recall_class3:	0.6206666666666667
micro_F1:	0.5953333333333334
macro_F1:	0.5953795235177023
