./cleaned_model/normal/100/score.txt
matrix:
1172	250	205
164	547	243
164	703	1052
precision_class1:	0.7203441917639828
precision_class2:	0.5733752620545073
precision_class3:	0.5482021886399167
recall_class1:	0.7813333333333333
recall_class2:	0.36466666666666664
recall_class3:	0.7013333333333334
micro_F1:	0.6157777777777778
macro_F1:	0.614874506249285
