./nb_model_16_cpu/score.txt
matrix:
314	253	260
773	806	742
413	441	498
precision_class1:	0.37968561064087064
precision_class2:	0.34726411029728566
precision_class3:	0.3683431952662722
recall_class1:	0.20933333333333334
recall_class2:	0.5373333333333333
recall_class3:	0.332
micro_F1:	0.3595555555555555
macro_F1:	0.3623054044655616
