./albert_tiny/tiny_larger_less/60/score.txt
matrix:
1109	273	248
306	826	452
85	401	800
precision_class1:	0.6803680981595092
precision_class2:	0.5214646464646465
precision_class3:	0.6220839813374806
recall_class1:	0.7393333333333333
recall_class2:	0.5506666666666666
recall_class3:	0.5333333333333333
micro_F1:	0.6077777777777778
macro_F1:	0.6078749943298203
