./pretrained_model/2000/117/score.txt
matrix:
1182	258	212
206	608	300
112	634	988
precision_class1:	0.715496368038741
precision_class2:	0.5457809694793537
precision_class3:	0.5697808535178778
recall_class1:	0.788
recall_class2:	0.4053333333333333
recall_class3:	0.6586666666666666
micro_F1:	0.6173333333333333
macro_F1:	0.6138231860418086
