./pretrained_model/1600/90/score.txt
matrix:
1223	310	235
171	605	285
106	585	980
precision_class1:	0.6917420814479638
precision_class2:	0.5702167766258247
precision_class3:	0.5864751645721125
recall_class1:	0.8153333333333334
recall_class2:	0.4033333333333333
recall_class3:	0.6533333333333333
micro_F1:	0.624
macro_F1:	0.6200474585009574
