./cleaned_model/less/40/score.txt
matrix:
1132	266	251
210	566	244
158	668	1005
precision_class1:	0.6864766525166768
precision_class2:	0.5549019607843138
precision_class3:	0.5488803932277444
recall_class1:	0.7546666666666667
recall_class2:	0.37733333333333335
recall_class3:	0.67
micro_F1:	0.6006666666666667
macro_F1:	0.5987034386814566
