./cleaned_model/large/40/score.txt
matrix:
1198	298	302
208	692	329
94	510	869
precision_class1:	0.6662958843159066
precision_class2:	0.5630593978844589
precision_class3:	0.5899524779361847
recall_class1:	0.7986666666666666
recall_class2:	0.4613333333333333
recall_class3:	0.5793333333333334
micro_F1:	0.6131111111111112
macro_F1:	0.6097552472480963
