./albert_tiny/tiny/468/score.txt
matrix:
1184	277	209
204	592	301
112	631	990
precision_class1:	0.7089820359281437
precision_class2:	0.5396536007292616
precision_class3:	0.571263704558569
recall_class1:	0.7893333333333333
recall_class2:	0.39466666666666667
recall_class3:	0.66
micro_F1:	0.6146666666666667
macro_F1:	0.6106234683635354
