./albert_tiny/tiny/200/score.txt
matrix:
1175	263	217
240	694	417
85	543	866
precision_class1:	0.7099697885196374
precision_class2:	0.5136935603256847
precision_class3:	0.5796519410977242
recall_class1:	0.7833333333333333
recall_class2:	0.46266666666666667
recall_class3:	0.5773333333333334
micro_F1:	0.6077777777777778
macro_F1:	0.6044230215852089
