./albert_tiny/tiny_large_batch/634/score.txt
matrix:
1141	252	209
232	539	308
127	709	983
precision_class1:	0.712234706616729
precision_class2:	0.4995366079703429
precision_class3:	0.5404068169323805
recall_class1:	0.7606666666666667
recall_class2:	0.35933333333333334
recall_class3:	0.6553333333333333
micro_F1:	0.5917777777777777
macro_F1:	0.587893245010147
