./cleaned_model/less/340/score.txt
matrix:
1106	211	227
274	586	294
120	703	979
precision_class1:	0.716321243523316
precision_class2:	0.5077989601386482
precision_class3:	0.5432852386237513
recall_class1:	0.7373333333333333
recall_class2:	0.39066666666666666
recall_class3:	0.6526666666666666
micro_F1:	0.5935555555555555
macro_F1:	0.591337090664461
