./albert_tiny/tiny_larger_less/117/score.txt
matrix:
1202	275	255
177	662	326
121	563	919
precision_class1:	0.6939953810623557
precision_class2:	0.5682403433476395
precision_class3:	0.5733000623830318
recall_class1:	0.8013333333333333
recall_class2:	0.44133333333333336
recall_class3:	0.6126666666666667
micro_F1:	0.6184444444444445
macro_F1:	0.6151271545940085
