./cleaned_model/normal2/60/score.txt
matrix:
1139	244	187
184	433	171
177	823	1142
precision_class1:	0.7254777070063694
precision_class2:	0.549492385786802
precision_class3:	0.5331465919701214
recall_class1:	0.7593333333333333
recall_class2:	0.2886666666666667
recall_class3:	0.7613333333333333
micro_F1:	0.6031111111111112
macro_F1:	0.6029082681506727
