./cleaned_data2/less/60/score.txt
matrix:
1084	223	165
316	826	440
100	451	895
precision_class1:	0.7364130434782609
precision_class2:	0.5221238938053098
precision_class3:	0.6189488243430152
recall_class1:	0.7226666666666667
recall_class2:	0.5506666666666666
recall_class3:	0.5966666666666667
micro_F1:	0.6233333333333333
macro_F1:	0.6245784680834153
