./pretrained_model/2000/90/score.txt
matrix:
1204	272	233
204	604	313
92	624	954
precision_class1:	0.7045055588063195
precision_class2:	0.5388046387154326
precision_class3:	0.5712574850299401
recall_class1:	0.8026666666666666
recall_class2:	0.4026666666666667
recall_class3:	0.636
micro_F1:	0.6137777777777778
macro_F1:	0.6092841764504577
