./pretrained_model/800/117/score.txt
matrix:
1194	251	215
175	578	284
131	671	1001
precision_class1:	0.7192771084337349
precision_class2:	0.5573770491803278
precision_class3:	0.555185801442041
recall_class1:	0.796
recall_class2:	0.38533333333333336
recall_class3:	0.6673333333333333
micro_F1:	0.6162222222222222
macro_F1:	0.613404949435917
