./cleaned_model/normal2/156/score.txt
matrix:
1220	273	225
169	541	252
111	686	1023
precision_class1:	0.710128055878929
precision_class2:	0.5623700623700624
precision_class3:	0.5620879120879121
recall_class1:	0.8133333333333334
recall_class2:	0.3606666666666667
recall_class3:	0.682
micro_F1:	0.6186666666666667
macro_F1:	0.6150769632638281
