./albert_base/2250/score.txt
matrix:
1158	204	246
181	451	259
161	845	995
precision_class1:	0.7201492537313433
precision_class2:	0.5061728395061729
precision_class3:	0.49725137431284355
recall_class1:	0.772
recall_class2:	0.3006666666666667
recall_class3:	0.6633333333333333
micro_F1:	0.5786666666666667
macro_F1:	0.5765881387272238
