./albert_base/500/score.txt
matrix:
11	6	6
1409	966	833
80	528	661
precision_class1:	0.4782608695652174
precision_class2:	0.3011221945137157
precision_class3:	0.5208825847123719
recall_class1:	0.007333333333333333
recall_class2:	0.644
recall_class3:	0.44066666666666665
micro_F1:	0.364
macro_F1:	0.39568907942909165
