./less_train_p/less_train_p/1093/score.txt
matrix:
1118	262	246
268	476	271
114	762	983
precision_class1:	0.6875768757687577
precision_class2:	0.4689655172413793
precision_class3:	0.5287789133942981
recall_class1:	0.7453333333333333
recall_class2:	0.31733333333333336
recall_class3:	0.6553333333333333
micro_F1:	0.5726666666666667
macro_F1:	0.5671679209275625
