./albert_tiny/tiny/400/score.txt
matrix:
1140	235	181
229	610	301
131	655	1018
precision_class1:	0.7326478149100257
precision_class2:	0.5350877192982456
precision_class3:	0.5643015521064302
recall_class1:	0.76
recall_class2:	0.4066666666666667
recall_class3:	0.6786666666666666
micro_F1:	0.6151111111111112
macro_F1:	0.6128870574140618
