./cleaned_data2/less/90/score.txt
matrix:
1250	327	254
173	703	350
77	470	896
precision_class1:	0.6826870562534134
precision_class2:	0.5734094616639478
precision_class3:	0.6209286209286209
recall_class1:	0.8333333333333334
recall_class2:	0.4686666666666667
recall_class3:	0.5973333333333334
micro_F1:	0.6331111111111111
macro_F1:	0.6293711150533166
