./albert_tiny/tiny_larger_less/197/score.txt
matrix:
1151	262	235
242	592	318
107	646	947
precision_class1:	0.6984223300970874
precision_class2:	0.5138888888888888
precision_class3:	0.5570588235294117
recall_class1:	0.7673333333333333
recall_class2:	0.39466666666666667
recall_class3:	0.6313333333333333
micro_F1:	0.5977777777777777
macro_F1:	0.5937570325115565
