./albert_tiny/tiny_larger_batch/351/score.txt
matrix:
1159	268	230
246	559	323
95	673	947
precision_class1:	0.6994568497284248
precision_class2:	0.49556737588652483
precision_class3:	0.5521865889212828
recall_class1:	0.7726666666666666
recall_class2:	0.37266666666666665
recall_class3:	0.6313333333333333
micro_F1:	0.5922222222222222
macro_F1:	0.5872718769564782
