./cleaned_model/less/80/score.txt
matrix:
1112	222	191
246	593	290
142	685	1019
precision_class1:	0.7291803278688525
precision_class2:	0.525243578387954
precision_class3:	0.5520043336944745
recall_class1:	0.7413333333333333
recall_class2:	0.3953333333333333
recall_class3:	0.6793333333333333
micro_F1:	0.6053333333333333
macro_F1:	0.6037338246523178
