./nb_model_acc/score.txt
matrix:
300	140	164
797	863	737
403	497	599
precision_class1:	0.4966887417218543
precision_class2:	0.3600333750521485
precision_class3:	0.39959973315543695
recall_class1:	0.2
recall_class2:	0.5753333333333334
recall_class3:	0.3993333333333333
micro_F1:	0.3915555555555555
macro_F1:	0.4047076294663012
